  359 ENERGY =  -167.2    1
    1 C       0    2    0    1
    2 G       1    3  358    2
    3 G       2    4  357    3
    4 A       3    5  356    4
    5 A       4    6  355    5
    6 C       5    7  354    6
    7 U       6    8  353    7
    8 A       7    9  352    8
    9 A       8   10  351    9
   10 A       9   11    0   10
   11 C      10   12  350   11
   12 U      11   13  349   12
   13 C      12   14    0   13
   14 G      13   15  348   14
   15 U      14   16  347   15
   16 G      15   17  346   16
   17 G      16   18  345   17
   18 U      17   19  344   18
   19 U      18   20  343   19
   20 C      19   21  342   20
   21 C      20   22  341   21
   22 U      21   23    0   22
   23 G      22   24    0   23
   24 U      23   25    0   24
   25 G      24   26  337   25
   26 G      25   27  336   26
   27 U      26   28  335   27
   28 U      27   29  334   28
   29 C      28   30    0   29
   30 A      29   31  331   30
   31 C      30   32  330   31
   32 A      31   33  329   32
   33 C      32   34  328   33
   34 C      33   35  327   34
   35 U      34   36  326   35
   36 G      35   37    0   36
   37 A      36   38    0   37
   38 C      37   39    0   38
   39 C      38   40  322   39
   40 U      39   41  321   40
   41 C      40   42  320   41
   42 C      41   43  319   42
   43 U      42   44    0   43
   44 G      43   45  317   44
   45 A      44   46  316   45
   46 G      45   47  315   46
   47 C      46   48  314   47
   48 A      47   49  313   48
   49 G      48   50  312   49
   50 A      49   51    0   50
   51 A      50   52    0   51
   52 A      51   53  309   52
   53 A      52   54  308   53
   54 G      53   55  307   54
   55 A      54   56  306   55
   56 A      55   57    0   56
   57 A      56   58    0   57
   58 A      57   59    0   58
   59 A      58   60    0   59
   60 A      59   61  300   60
   61 G      60   62  299   61
   62 A      61   63  298   62
   63 A      62   64  297   63
   64 G      63   65  296   64
   65 G      64   66  295   65
   66 C      65   67  294   66
   67 G      66   68  293   67
   68 G      67   69  292   68
   69 C      68   70  289   69
   70 U      69   71  288   70
   71 C      70   72  287   71
   72 G      71   73  286   72
   73 G      72   74  285   73
   74 A      73   75    0   74
   75 G      74   76  284   75
   76 G      75   77  283   76
   77 A      76   78    0   77
   78 G      77   79    0   78
   79 C      78   80    0   79
   80 G      79   81  282   80
   81 C      80   82  281   81
   82 U      81   83  280   82
   83 U      82   84  279   83
   84 C      83   85  278   84
   85 A      84   86  277   85
   86 G      85   87  276   86
   87 G      86   88    0   87
   88 G      87   89    0   88
   89 A      88   90    0   89
   90 U      89   91  270   90
   91 C      90   92  269   91
   92 C      91   93  268   92
   93 C      92   94  266   93
   94 C      93   95  265   94
   95 G      94   96  264   95
   96 G      95   97  263   96
   97 G      96   98  262   97
   98 G      97   99    0   98
   99 A      98  100    0   99
  100 A      99  101    0  100
  101 A     100  102    0  101
  102 C     101  103    0  102
  103 C     102  104  255  103
  104 U     103  105  254  104
  105 G     104  106  253  105
  106 G     105  107  252  106
  107 A     106  108  251  107
  108 G     107  109  250  108
  109 C     108  110  249  109
  110 G     109  111  248  110
  111 A     110  112  247  111
  112 A     111  113    0  112
  113 C     112  114    0  113
  114 U     113  115    0  114
  115 G     114  116  245  115
  116 G     115  117  244  116
  117 C     116  118  243  117
  118 A     117  119    0  118
  119 A     118  120    0  119
  120 A     119  121    0  120
  121 A     120  122  240  121
  122 A     121  123  239  122
  123 A     122  124  238  123
  124 G     123  125  237  124
  125 G     124  126  236  125
  126 A     125  127    0  126
  127 C     126  128    0  127
  128 G     127  129  234  128
  129 G     128  130  233  129
  130 U     129  131  232  130
  131 G     130  132  231  131
  132 G     131  133  230  132
  133 G     132  134  229  133
  134 G     133  135  228  134
  135 A     134  136    0  135
  136 G     135  137  226  136
  137 U     136  138  225  137
  138 G     137  139  224  138
  139 C     138  140    0  139
  140 C     139  141  221  140
  141 C     140  142  220  141
  142 A     141  143    0  142
  143 G     142  144  218  143
  144 C     143  145  217  144
  145 G     144  146  216  145
  146 G     145  147  215  146
  147 C     146  148    0  147
  148 C     147  149  213  148
  149 G     148  150  212  149
  150 A     149  151    0  150
  151 C     150  152    0  151
  152 A     151  153  209  152
  153 G     152  154  208  153
  154 G     153  155  207  154
  155 A     154  156  206  155
  156 G     155  157  205  156
  157 U     156  158    0  157
  158 A     157  159    0  158
  159 A     158  160  202  159
  160 U     159  161  201  160
  161 U     160  162    0  161
  162 C     161  163  199  162
  163 C     162  164  198  163
  164 C     163  165  197  164
  165 G     164  166  196  165
  166 C     165  167    0  166
  167 C     166  168    0  167
  168 G     167  169  193  168
  169 A     168  170  192  169
  170 A     169  171  191  170
  171 A     170  172  190  171
  172 C     171  173    0  172
  173 A     172  174  186  173
  174 G     173  175  185  174
  175 G     174  176  184  175
  176 G     175  177  183  176
  177 U     176  178  182  177
  178 U     177  179    0  178
  179 U     178  180    0  179
  180 U     179  181    0  180
  181 C     180  182    0  181
  182 A     181  183  177  182
  183 C     182  184  176  183
  184 C     183  185  175  184
  185 C     184  186  174  185
  186 U     185  187  173  186
  187 U     186  188    0  187
  188 C     187  189    0  188
  189 C     188  190    0  189
  190 U     189  191  171  190
  191 U     190  192  170  191
  192 U     191  193  169  192
  193 C     192  194  168  193
  194 U     193  195    0  194
  195 U     194  196    0  195
  196 C     195  197  165  196
  197 G     196  198  164  197
  198 G     197  199  163  198
  199 G     198  200  162  199
  200 U     199  201    0  200
  201 G     200  202  160  201
  202 U     201  203  159  202
  203 C     202  204    0  203
  204 C     203  205    0  204
  205 U     204  206  156  205
  206 U     205  207  155  206
  207 C     206  208  154  207
  208 C     207  209  153  208
  209 U     208  210  152  209
  210 C     209  211    0  210
  211 G     210  212    0  211
  212 C     211  213  149  212
  213 G     212  214  148  213
  214 C     213  215    0  214
  215 C     214  216  146  215
  216 C     215  217  145  216
  217 G     216  218  144  217
  218 C     217  219  143  218
  219 A     218  220    0  219
  220 G     219  221  141  220
  221 G     220  222  140  221
  222 A     221  223    0  222
  223 C     222  224    0  223
  224 C     223  225  138  224
  225 A     224  226  137  225
  226 C     225  227  136  226
  227 C     226  228    0  227
  228 C     227  229  134  228
  229 C     228  230  133  229
  230 U     229  231  132  230
  231 C     230  232  131  231
  232 G     231  233  130  232
  233 C     232  234  129  233
  234 C     233  235  128  234
  235 C     234  236    0  235
  236 C     235  237  125  236
  237 C     236  238  124  237
  238 U     237  239  123  238
  239 U     238  240  122  239
  240 U     239  241  121  240
  241 G     240  242    0  241
  242 C     241  243    0  242
  243 G     242  244  117  243
  244 C     243  245  116  244
  245 U     244  246  115  245
  246 G     245  247    0  246
  247 U     246  248  111  247
  248 C     247  249  110  248
  249 G     248  250  109  249
  250 C     249  251  108  250
  251 U     250  252  107  251
  252 U     251  253  106  252
  253 C     252  254  105  253
  254 G     253  255  104  254
  255 G     254  256  103  255
  256 C     255  257    0  256
  257 U     256  258    0  257
  258 A     257  259    0  258
  259 C     258  260    0  259
  260 U     259  261    0  260
  261 A     260  262    0  261
  262 C     261  263   97  262
  263 C     262  264   96  263
  264 C     263  265   95  264
  265 G     264  266   94  265
  266 G     265  267   93  266
  267 U     266  268    0  267
  268 G     267  269   92  268
  269 G     268  270   91  269
  270 A     269  271   90  270
  271 A     270  272    0  271
  272 A     271  273    0  272
  273 C     272  274    0  273
  274 A     273  275    0  274
  275 A     274  276    0  275
  276 C     275  277   86  276
  277 U     276  278   85  277
  278 G     277  279   84  278
  279 A     278  280   83  279
  280 A     279  281   82  280
  281 G     280  282   81  281
  282 C     281  283   80  282
  283 U     282  284   76  283
  284 C     283  285   75  284
  285 C     284  286   73  285
  286 C     285  287   72  286
  287 G     286  288   71  287
  288 A     287  289   70  288
  289 G     288  290   69  289
  290 A     289  291    0  290
  291 A     290  292    0  291
  292 C     291  293   68  292
  293 C     292  294   67  293
  294 G     293  295   66  294
  295 C     294  296   65  295
  296 U     295  297   64  296
  297 U     296  298   63  297
  298 U     297  299   62  298
  299 U     298  300   61  299
  300 U     299  301   60  300
  301 C     300  302    0  301
  302 U     301  303    0  302
  303 C     302  304    0  303
  304 U     303  305    0  304
  305 A     304  306    0  305
  306 U     305  307   55  306
  307 C     306  308   54  307
  308 U     307  309   53  308
  309 U     308  310   52  309
  310 A     309  311    0  310
  311 C     310  312    0  311
  312 U     311  313   49  312
  313 U     312  314   48  313
  314 G     313  315   47  314
  315 C     314  316   46  315
  316 U     315  317   45  316
  317 U     316  318   44  317
  318 C     317  319    0  318
  319 G     318  320   42  319
  320 G     319  321   41  320
  321 G     320  322   40  321
  322 G     321  323   39  322
  323 C     322  324    0  323
  324 G     323  325    0  324
  325 A     324  326    0  325
  326 G     325  327   35  326
  327 G     326  328   34  327
  328 G     327  329   33  328
  329 U     328  330   32  329
  330 G     329  331   31  330
  331 U     330  332   30  331
  332 U     331  333    0  332
  333 U     332  334    0  333
  334 A     333  335   28  334
  335 G     334  336   27  335
  336 C     335  337   26  336
  337 C     336  338   25  337
  338 C     337  339    0  338
  339 U     338  340    0  339
  340 U     339  341    0  340
  341 G     340  342   21  341
  342 G     341  343   20  342
  343 A     342  344   19  343
  344 A     343  345   18  344
  345 C     344  346   17  345
  346 C     345  347   16  346
  347 G     346  348   15  347
  348 C     347  349   14  348
  349 A     348  350   12  349
  350 G     349  351   11  350
  351 U     350  352    9  351
  352 U     351  353    8  352
  353 G     352  354    7  353
  354 G     353  355    6  354
  355 U     354  356    5  355
  356 U     355  357    4  356
  357 C     356  358    3  357
  358 C     357  359    2  358
  359 U     358    0    0  359
